1111221112111331113221111121123112131100101011001010110112211123313213121211221232121300111110000000010001
2212221213111231112222211122123123121100111110001000000013131113311231312111222121231211110000001100000111
3121212112112331112221111121223111131011001000101001011112121121212111322111212132121310101001111101000010
1221211313212441123132111132114224111100100010000100111113142123311231421111211121231211001111100000001110
2112211113112321113131111321113311130001100111111110110012141112312112111211211142121211100000000000100011
3212211314111441212322121132124312121111100100011000110014141114411141312111311121141210101000000110011001
1121112313111231222313111121214213131010001010000111001013121113211131211111212131121311011011100010000011
2221221313111322124132111121114112121111100010000001010013121113311221312111211131131301010101011001100000
3111221212211331123231121132122132111100010111000111110112112113222432331211231241421211111101000010101111
1211221131213211111321131112133211141000110111011011111122211221123111111311111342111411111110010111110101
2121311123212311113231111122113122131111001001000110111112122121332222232211221232221200001111000010000010
3221121324113341312231121131121113111100000111010101111014141113311142341211311211131110110001011100000000
1111111233212332223333221232221233111010100010011100010013331133324323322321422311331111111010010000100101
2211111223123332212231221121122122120110100011011010010012231233411223221211211121221211100101110000111000
3121112213112331212232212121211123121100001101100100011122111122322223321221321121231100100111100001100111
1221111311111121111121111121114112121111001110111010011112121112111121211111111131111410011001110110111111
2111222112111221111221111111214122141011100100111110100121111111212212121221122141211411001011010000101000
3212212123223332223232212332214322221001010011110000110022132213223232321221322132231310010110111010000110
1122311244114241112423111121111112121000000010000011001113341143414121331111231221131210010000001110001111
2221311212121331142132111132112242120010110010001111000012221122211121311111321132321310101111100000000111
3111312132113331113232211122212213131110100101010100000012231123312111131111331141121311100010000001100110
1211321233122332222422231133123143220001100001111000011112231232323313233212132332222311100010101110011011
2121322212111332112231212121212222121011011100000001001112131113221231212111212132221310110111000000010011
3222321212112321211223231432234412141001000001110110001112111121211212212211232244121411000000001001100011
1111322112131211222131211121213111131111100100010011000011121112211121211112211132111300000001101100001101
2211311212212332122222211132112233121111101101110000010012131123212122322311222322321311110001000010101110
3121311112111111112111222111123112241100011101100000001111222311221231121111221141111311101000001100110110
1221311222111221112121111111113112131110110100100000011022131112212111112111212132121300101001000110001011
2111311213111321123121111121112112121011000100101110010112121113312131322111321131121210110010111100011110
3212121413112341214132311142313112120110100111001101101114141114411141423111421121131111010011010110010000
1121121213122341112231121121111113121010010000101001101013131123312131311111311221131201001101011010000101
2221121323212332222232122232113223131010101101100001001112121123321132322111212121231311101001000010000010
3112121213121341123131111131112113131100100110101100001012131113311231311111411121121211101001010000111010
1212121214111232212221211131113122131101100001101001011012121113211221222112221131221311100000000110011011
2121111224112341123231121131213112121010010101011001000012131124412131311111321221121201001101001000000100
3221221232113432323342121322234223231111000001000000011021332233312223311111232132232411101000011000001000
1111223113211411332231222312123142131100111100001000100131113212232314242234241224321310000100100001101110
2211221212211322111131111121213222131011101101111110111012211122112221211111111132321310101110000010011111
3122211324122341224232211231212223131011100000001110000023131223422132324112323122231300001000010110000110
1221212223113331323223231133133213231010001000111000111012331132411123331312331142131300101001001111011010
2111212213121421133141211132211422121111110011001000111022131112321231212111312132231310100110100000000111
3212212113132331223131212122214223141000101100011000100131212224322233423123222242222410100111000100000011
1121312112112321123231212132212212131001001000011110110112121112212111321111222132121310101000000111001101
2221312312112333212121111121114112131111010010001000010112131114311131311111311121121301100010000110101111
3111311111111211112111112121113211131110000001110100111111223112112122211122322141111401000110011011100011
1211311213111321232132121332114243131100100101000001100023121124211222323122313122421311111100000010001111
2121222222322213321412121214134211341110101010010010101011234332144114132311131334313410001011110000001110
3221221123212223333231131113133111221101011000111100101111132321323224232211231441113311001001011110001001
1111311113111331123232111122113212130100101110000001100011121112312121111111331131121311110011101101100000
2211121211241132133241411131413132421001100100111010000112131313233331313111212121314111111000001100010111
3121111213111431123141111121112122121110101000010011101013111113311121312111311141231211111111100010001001
