0012411214421121121111323311130000001133010000013301100000021233132111233310000001428
0022111214412232311213112311311000001131100001012200010000121233333121212210001000211
0032011114232221123121221122121000001113011000011100011000021212121121221120000100137
0042011214213221131132223112110001100122011000011300010000021213132121321130000001128
0052311114412223133111221122120001000123010000011310000001021213122121122120000100116
0062011214222231121123212111310000001132010000011200001000023232212111211211000000227
0072011114312223112133333111230001000122001001011100010001023232111121113210001000212
0082011114223322223111212213120001001122100001011100010001011222322221221320111001148
0091611114132221122122322133221110000112011001011100010001021213132321221121000000128
0101711214132221131213121111131000000132011000011100010000021212132111231120100000426
0111811214322221112111121111111000000122001000011200000001021212221121232230000100118
0122011214321122212212313311110101010131010001011200000001022222312221211310110001216
0132011213325422122121221312230010000133011000003200010001031213122223322120100000111
0142411213232212221212122211211000001131011000011100010100021222113121211211000000218
0151711213136622211211312211321000010122001001011300010001022222113121211211000001247
0162011113313231332333333113230010000144000001003300000000033232134111233110000001418
0171711113134333233122122211331000101122011010111300010001021233132311221310100000527
0182311213231121122131121122121001000123010000011110000010021213321221123120100000124
0192211113224221121121221122120001000123001001011300000001021212322221221120000100111
0202411213412211111121223122131000000123010001011110000001011112222221121130000100113
0212311113323333323131321132120001001123011001001200000011011111323321321120000001118
0222411213323333321213323113130001100122010000001301000001021212333131331230100000412
0232411113233211122221222132111100000112011000011101010000011211121121321120110000118
0242411113421123211212112111310001000132110000013300100000023232312123312210001000218
0251905211134443113122213213321000010333000000111200010001031322133111231310101001247
0262401207322231122222222312110001000122011001011200010000021211113111211110000100122
0272401107233211123121222311210100000112011001111100010001021332122221121120000010121
0281701210411121211211122111110001000133011000011200100001011232231121231230100001243
0291701110231121112111323123230100000133010001001300010000021221122231231130100000343
0301701110323321222312112211111000000122110001011200010000022222231111212110000100223
0311701110421122212212112111210000010142000000013300010000022222213112232220001000227
0321701110113221112222112121210100000122010001113100010000022231112221112210000010124
0331701210124121221122122111210001000132001101113301000011021212122121211210101100212
0341701210223211122111221121121001001122010001101300000010011212112121221120000100112
0351701210332241312131112113220001000133010001011300010001021212122111231210100000322
0362401107316322211212112313211000000132000000113100010101032233122121311210001000223
0372001207411121122111222213210000010122000000112300010001033222112131231310001000241
0382001107124422321113122213310100000122010000111200010000023332333121233210100000221
0392401207313332211212122311210001000131101011013100010101022222111121211210001000216
0402001207133221123133223311311000000133011000011100010000021312134111131220010000126
0412001107131131123123232312120000001133100000011100010000033131313211231320010000128
0422001107224221113122322211231000000133001001011100010001021222132111231210100000223
0432001107412233213213122311210001000133010001013200010100022222332121211310100000228
0442001107325321121131222113231000000122010001111100011000021311232321221320000100121
0452001207122232312111122113310001000333001000113200010001031212333223232310000001223
0462001207422233211312112313310000001332011000113200010101122222322211233230100000522
0472401207234221311333322313111000000132011000011100010000021322333311213310010000224
0482401207213141122131212313110001000333010101013300000001032111324123221110000001123
0492401207223221121123222113210000001122011000012300010000011111224321221110000100111
0501805111125411121121222122121000000112001011011100000100021211121121222120001000118
0511805211222221122121222122221001000112011000011100110000011212113121221120001100144
0521905111224221122122312221110001100133001001011200010001032233133111231131000001442
0532005111316423313132113213111001000132000000013200100000032232132233211310100000412
0541805211324223111321232322110010001122000000011200010001031212132131321130100000442
0551905211411143321132311313110000110343001000003200100000032232124311333130000101342
0561905111422221133221212311110001011123010000103100010001021213322113123121100000432
0572005212132221122121122221220001000122000000111110001000011212122121121220001101146
0581605112133332131131223333210001000132000001011100010001011312113133221110101000147
0592005212124331122122222212121000000123000000111100010000021212123121222210100000148
0601905112133311122111222222221011000122110001011100011100011112121121231121100000111
0612005212213332212212132312110000100322010001003300010000032212133213231220000001448
0621905212224323122213122122111101001133000000013100000011021213134311222220100000347
0632005212232223211222112321110100001121010000111100001000032322111121211210011100228
0641805112233321211212112112311000000132010001111100010001021232134121211110000100218
0651905112233212211212112312231001001121010001011100001000022222311321211210110000223
0662005112225321121312321113210110000122101001011200000001011211121121321121011100132
0671905112225422311213112312311001000131100001011101000001022232311121211210110000223
0681805212323231111312122212210000001133001000101200010001021222111211211211110001221
0691905112325311122133222121220110000123101001111300100010021212122121221321100000121
0701905212324311122123223121321001001113011001111200000010021213121121223120100001111
0711905112334311112113322322321001000122000000111100010000021211131121212110010010422
0722005212411143231212113112310001000342001001003300010000032221233111231120000001441
0732105212411133333333233223110001100343001000003200100000032312333111211330000001442
0741605112423311132111211122111001000123000000111100101000021112332121221120010000121
0751707104131133111111223113221101000122001011013100011010021222212131223211111101228
0762210209325332313212133211311100010132000000001200010000023212112121211330101100236
0772210109322221122123221122121000000113011000001100001100011311122121221120000000113
0782210209132231321232322231311100000132110000001100011000031212132111222211000000226
0792210209423222211212113211311000000331010000001100011000023222113121213210000010221
0801910209411121313212212212111000001131011011011301111100022222111121211210000101248
0811910109422222211212112211111001100131110001101100111100022222131121211210001001222
0821810209122221122123222121110000011123110011111201000011011212133121221120110100122
0831810109132221112123212132111001000122110011111300010001022211112121221210001000144
0841810109233321121121221222121000001122010001111101010100011211111121221120111100142
0851810109233221211222322213210010001122111000011100011001121212111121231210101101226
0862107206224231211122212212311001001132001100011300111000022222221111232210100000427
0871907206232132112132122211110001000122000000011300000000011212123111231310100001118
0881907206234221112122222211210101000122010010011300010000011212122111221211100000118
0891807206231132313212112211230100001132100011111100010001022222122121231211101100226
0901807106431121121123222122111000010123010001011100000010021211121221121120010100118
0911807206411132211212112211211000001341000000003300101000012222314122111330000000247
0922107106434231211122112212210010000132011000011201010000022212121111211210100000222
0932107206412232211212112211211001001131010000013300110100022222132111211210100000228
0942408106335322211212112211210100000331000000111100001100022222211121211210000100228
0952113216412222131123212211211001000133010000003300000001011232332131121110000100112
0962313116134422211231312212111000010132010001011100010001021222112111221210001000221
0972313216421141123121322133130001000334000000003310000000023222232133233130000001141
0982313216123232121111211212111000000123010000013210000000012221232221221210000001111
0992313216132232112111123212110001000132010001111100010000012212133111231230001000226
1002313216233241211221122212210001000131000001001100001000022222313211233220000001228
1012313216225223111121322233120001000123010000103301000000022212213111223110000001114
1022313216324332123221213211110000001123010001011100000001021212112123231110000001418
1032313216332231121121111112211001000122011000003300001000012212213121221110001000223
1042313116213231122113212313210001000133010000003200000001013223232111322110000100143
1052313116234212211211212212210000001132111001111100001000122222111121211210100000222
1062313116322222111211222112120001000123000000103100010000022212222121121110010100118
1072313116335431121221222121211000000123010000011100000010011212222211121210000001113
1082313116422222121121121111210001000122001010013300000001012212122121221110000100111
1092413205422233221121122113310001000333001010003310000000031212233111223110000100111
1102413205411142111131211122210001000123010001113200000011012212122111221110000100124
1112413105412222112122122222211000000123010000011110000000021112112223211130010000123
1122413105421131112211211221210001000122000010003200001000011221211121211120000100412
1132413205421122122112212112111000000133011000003100000001012221212221221110000100124
1142413205412241132121112231110001000133000000003310000000033312223111123130000001411
1152413105222232111131222121110001000123010001113100010000011212122111221110000100114
1162413105235221122121221211210001000122001001101300000101012122313112231220000101226
1172413205223231111131321111110001000133100000013100010001022231113111223110000001111
1182413205232242132121222132120001000133010001101100011000011312222221321110000101422
1192413205134422211121112222211000000132011000101300010100012222112211331210001000228
1202413205133332211221312213211000000132000001011100010001022222313121321110001000346
1212413205332231113121222231110001000123010000103100010000112122213131211120000100421
1222413205315331121131112112210001000133100001003300010001011213111111221210000001111
1232413105132221121121111221211000000133011000001100010100011111222221121110100000113
1242413105134422111122222112210001000123010001111110000001012211231121221120000100113
1252413105332222122122111121110000001123010000011100000001012212212211221120010000111
1261902102432242312212222211211000000122100000013200111000021222212111231310011100422
1272402202421142122131222311211001000323000000001200000010021212111321231121000001112
1282302202411142213212122222210001000141110101011200001000021212121221231210001000221
1291902202422233313333212211211001011133000000002300110001022232133111231310101100122
1301802202411131211131112111211000000132000001001100100000022222221121231310100000213
1311802202431121213212112212211000000131011101011200010000022221111121211220110000212
1322302102321121122133322113111011001122000000011100010001011211122121331120111000128
1331607204123331112122232213310001001332000010013200000011011223333121212220111100223
1341607204132231132121122212121101001122101000101200110001021212131211221220110001121
1351707104222221321212222211211001010122010001111200011100021221111121231110001111223
1361707104231142222212122213221000000121011001111300010100021221121111221210001100428
1371807204232231311221132211211100000132010000111100010101021222121111231111101000426
1382407206235311211212112211211101011121010111111100011001021222121121233210111100246
1391707204322231122121222131120000001122110001011100000100011231123121221120110100118
1401707204322232211212112211211000010132101010101200011000022222111121211211100000221
1411707104322241111212322211211000000122011000011100001100021212131111211210100000223
1421807104332221311223222111111001010132110000113300010001021222131111231120101101441
1431707104412221122132222113121001000122001000101100100000021211121222322220010000317
1441707204421142113212112211211000001131001001111300011100122222131121231210110000213
1451607106133221122122221112110011100134010001111100011000011212121121221120111000121
1461807106123222312321222222121101010122001101001300111000021211222111211121110100428
1471707106225221122122222122121001000112000001001210000000021212121221121220101100113
1481707106232231122211122123221010000122010000011100010001022211111112231210011100128
1491707106232231122123122122220010000111011000111300001000021211131111221220011100124
1502002102334223122122222112111000000122000000001100010100021212131121231110001100116
1512302202332231122121222111121001000122000000011110000010011112122221232121000000118
1522302202331141122121222223120000001122000000001300001000011212112121213110100000127
1531702202334221123222121211130010000133110001111200010000021211111121221110010000124
1542002102231131323313221122321000000123010001111100001000021213121321231320100000148
1551802102221121111222222121211011011122010000111100010001021212113221221120111101418
1562302202232131213222232211120001000122001000111300010000022223112121211110001000228
1572202202233221321312212212210100000122100000111100011001021212112111231321000001428
1582102202233221122123212113221000001123001011011200000100031222132311222120100000112
1592202102132211121121221212121001000113101000011100010000011212222121221121010001112
1602002102131112122112222122121000000122001000011200000001011212121221231110010100144
1611902202133241111122122211211000000122101101111300010000021222114111221110001000426
1621902202132221121313122211221101010103100000001100010101021222111121211220011110226
1631802202133321123121322113131000000123000001011300010000011211123221321130100000111
1642413105324221123111212122110001000123010000101300010001011211111111221210000100111
1652002102422221122122222311121000000122000000001200000001011212122221131110000001112
1661910201135421223212322213210011000133000000113100010000012232122113231210000101246
1671910101133231111131222222111001000122010001111100011100011211121121221110101100144
1682010101235221121123221132230010000112010001011100001000011111122121231120100000112
1692110101333221132131321333320010001123000000011100010001021313233121221310100000147
1702210201411122113113222212111001001121000101013100110000011212121121232210100001115
1712110101425442121112112112210010001132010000001100010100022212111112231210000100228
1722210109232231111123322122110001000123011001112201010100011113322221323310100100132
1732010209233221122131222112211101001122010001011100010001011212132121221321100010116
1741908206234221122122212211220100000122000000011100000001023212123121132121000000418
1751810201328631311311221122210001001122000001013200110000011111112111231210100000416
1762504214421121211212112211210010000132001001111300010000023232312121211210100000213
1772504114132222112212312211231000000332000010011200010001023212224111221210100000248
1782504214322231321212122111221000010133010001003200011000021232131111231210000100228
1792504214412231313213312323210001010133010000013300010000123223132212233230001100223
1802504114421121112112112111111000000122000001003100011000021232121111211210100000227
1812504214224331312121321113211001000122000000013300010000011223132111211220100000428
1822504114323332311212112211211000000141010011111200010100022222222121211210001100227
1832504214131141122122222122331100010112000000001201010011011222133221221121100100114
1842504114221121122122322222210001000122000001011200010000021212122121232230000101147
1851908206422212211212112113311011000131000000001200000000022222211112213220000000218
1861708106224231312132322323130001001233000001013200100100023232232123211110100001417
1871908106134311122121122222220101000112010001011100010011011211121221322111000000118
1881608206133332211112212111111101001132011000011101001101022212233211211111101000246
1891708206132241123122222122221001001122010001011200010000111212122221222310100000118
1901808206133231313311312331211000000132010001011100010000023222122111321330011000226
1911808106223211123122222112120110000112001001111100100000011111121221221121011000112
1921808106323321122212221122120001000123001000113300000010011112122221121120001000111
1931908106334231122121223122120001000113011000111100001100011112331121121110010110112
1941608206323321112113323122311101000133110101013200010000012212232221131130011000123
1951708206323242231212122111111101011131101001003200010100122222221121211220100011218
1961908106334331112121111122220101000122001000011100010001011211122121333110011000148
1971908206323312211231122311310111000131010100111101111001023212121221211230101010248
1982008206315312213212312112210111101122001001012101001000122212131231211331010010246
1991804215322121122132121232120101010123001011011200010001011211123221221130110000112
2001804115132231111222122221211001001123011001011100010001021221112111121220100101114
2011804215222221122132222212120101000122010001011201001000011212222121222120111000112
2021804115324421122121221222211000001122000101003300000011011111122121221120010100117
2031804215323331313212112311231001000132000000003300000001021232232121232230001000218
2041804115323231122121221322120001010123000000003210000010021212122121221130000001111
2051804215132221312232221231221101010132010001011300011100021222132111231220100000216
2062404115422231122123222112131001000122000000111201010000021222123121221210100100111
2072404215421121122121122112121001000123011001113300000011011112121121122120010000111
2082404115224242322212121212221000000132011001011100011000021221112121221210101000227
2092404215231121113121212111321001000123011101011100010010011212131221121110000101111
2102404115224431123212322112111001010333001001103310000011021232122121221121000011111
2112404215423321122112222212220001000122000000001100000010021222123122122220001000341
2122504215122211122121222112230100100122011100111300010011021212132221221210110000117
2132404115131131323322332213230011010122001000001100010000032333333313231110100000448
2141909208122231122123122122121000011133011011112211010011011312132221221110100101111
2151809208133322211211122311210110000132001001111100011000021222112121211211100000241
2161909108122221122121222131111001010133001000001101100000011222124121211330100100117
2171609208232021122213122322121001010122010000111100000001021212132111221310001110127
2181809208231122112213112213231001000132010000111200010001022222132121222210100100246
2191809108234231122121221122131001001122100000111300110000021212132221221110011000111
2201809108323332223113112211231001010122011101013300010100021222212111231210011100247
2212009108323322311231122211231001110132001101113200010000021232212121231110011101221
2221909208422221322211122133131001010122001010111100010001021212232121213230101100221
2232109108422221122211121121231001010122011010011100010010021232131211231320101100121
2241810209233243211211112111311000000132011001013300011001022232111111233210101100246
2252210201222232112111212112320100001122000001011301000100021112122111221110100001125
2261908206324321122121122222220101000122000000011100010001011211122221321110011000148
2271903203133331213131332111210000001141001000012200010101022222113111211210100101217
2281603203133333111123222211310010000132000000013300000000023222114121331210100000225
2292003203131132311212312213211001010122111001111300010000022222111111231210101000228
2301703103132221211111122111111000110121111111111100011100021213121121111121000001226
2311903103131111212212112211211010000131010001111100011101022222111121211210000101241
2321903103131121121121213231230001000123000000011100000001023312113121221230000001147
2331903203232221112211112211211000000111111001011100000101022222123222131210100000347
2341903203224221113121212211330001000122000001013300010000032222322221321120000100111
2352003203214343213333132113310000010232000001003300100000023222333121213230001000242
2361703203232211213212112111221000000122100100101100000100021222121121231211000011226
2372403103223211123121222121121101010113110011111100010001011211221221321120110100114
2382003103221131213223312213211000010142010001111100011100022222232123211210001000248
2391903103233311221212122231210010000141100101111100000100021222333122231210000000348
2401903103224221331121231112121001100122100000013200010010012212121111221120011100141
2412003203314431323133231122110001010133000000103200000001031232133221131120000100141
2421703203322221211212111211210000001141111101113300001000022222112121211210000001226
2431903203323322211232112213211001011142001100101100010000022222131121213220101001242
2442403203332231122121212211211001011123110010011100011000021222111121221120110100121
2451903103323311122121222112311001010122010001111101010000022212111121221110011100112
2462003103323311122123221122321001010123010101111100010101021211131121321110011100111
2472403103323322311212312212211001010122010011011100010000022222111121211210011000228
2481903203421131133113212211110001000122010000003300010000021222232121231210000001213
2491903203423322211212211111211000001122010000003300010000022222112121211230101000216
2501703203421142122211212221211001011122000010011300001000021212132131231210000001521
2511603203411131323313332113120001011133001001013200101000021212332311331130000000348
2522403203422231312132222133121001000233000000103301000000021233332121331130000001343
2532403203411141331333232113310001010132010010003301000000021213333121331230000001541
2541703203432221123331221112111101010123000001111200110001021211132121321321000101112
2551703103432211211212112111211101101131111101111101011101121232111121211211111111226
2561703103433312112112211222211000000122111111111100001100012212121211231120000001142
2572003103412211121121231111221101010113111111111100000010011211121221121121010010111
2582406204421102212212211111211000001232010001011100010001011212132111211210011000224
2591708206412232111212332311331101000132010110102200101001011232232121231211011000228
2601708206412242231212122111111101010131000000103200000100022222221121211220000010218
2612112205234211122121221122121101011113011001011110000001011111121221221120010000112
2622212105223231211221121211210001001132000101013300000001022232232231212220100000221
2632112205235221122121222121121001011113011000011100001000021211121221221110110100112
2642012117332222211211112212110100000121010010011100010100022211121121211210011000223
2652012217234221122121221122110100000113010000011301000001011213122221221121110000131
2661808206421111122121222132121001000114011101113310000010011213221221131130100001112
2671808206411121132133222312121001000124000000013310000000013211111221232220000001118
2681808206411131123111222322131101011123010101013201100100011233332321322131010101111
2692008206224221121232112211120100111132101100111101000011011112111221122120010101112
2701608106134422222112122212221100000142001100011100010100021232132121211210011010248
2711808106134421121123222121111011000113011001011100010000011211121111231110110010112
2722112105137533122121221111120101001123000000013100100010011212132221221120100000118
2732312105132221133222122111111000000122011000011100010101021211121221221110100000121
2742212105132222122122322123221011001123101111011100010101111211133221221220111101116
2752312205223221121121221122110001001122010010013101000001022112222221121120101000148
2761606204411131123113111311210001000334010000013300110000021232223111231310000001141
2771706204134411322122323212211000000133000000013100000001021223113221121210000100128
2781706104224211122121222112110101010123110010001100000011021212121121221121011100117
2791606104231121123122212121110000010123001000111100010001021211122111222120001000128
2801706104412221111122232221210001000133000000013300010000021211121221211110011000112
2811708106422232211212112211211001010141000000011200010000022212111121211210000001228
2821908106422211122111222122131101010122000100001100000001011312111221121111000000128
2832406204422201211221112112211001001124011010101200000010022211123221321210111100113
2842406204422232122121221122210001001123110000012201100010021112222223321110111000112
2852406104323222113212121211121001001132001000113201000000021212212111212310110010228
2862406104422221122112223122111000000113000000001100000010011112122221121120011000111
2872006104333322122121222112311000001123010001111101010000011212131121221220101010111
2881706104422222211212112211211101010132010001012200111001022322121112211130001010323
2891806204412211211212112211211001000141000001001300001000022222311121111210010000243
2901706204133332223122122211320011001132100000111301000000021222122211211210110001214
2911606204222241313212122211320101001133011011111300010000021232111121211210110101228
2921606204421142212113112211110001000323000000003201000000012232123112212230000001243
2931606104132222212221122211210010000122010001011100011001021212112111221210001110226
2941606204132231111211112111220100001142010010011300010000021232132111231110000010228
2951806204224221122111223111121001000133001010013300000011011212123111221121000000111
2961806204223221122132123222211101010122010000111100010011011322122121331221110000148
2971806204323211122122222122121001011113011011111100010010011211121121121220111100111
2981806204313331132111222211130001000222000011001300100001021223222221131320010001111
2991806104124311122121222222120101010112010000111100000001021211121221322121000000118
3001806104222221113122231122131001010123000000001100000000021212122121221110010100111
3011706204322231111111212111210001010122001000001300000001012222131123231310010000112
3021606204431141113111123111210001000113001100013300000010011211221221323110000001111
3032012117422202211213112212311000010132010100103300100000021232232111231310100000212
3042012217312221211211112211310000001141000000013200010001023222212111211220100000213
3052012117233202211231112122110101000121010000011100001000022211121121211210011000221
3062012217125331132231231222110001000122000000012201000001013212223111223120100001112
3072212105323301122121221322211001001223001001113200001000121213132211223120100000112
3082212105322222211311111212110000001122011000011300011000022211322121211230100010223
3092112105322231122121212122121001010123000001011100010000021212121221221120100101113
3102112105432201221221112211121000000122010010001300001001022222212121211310101000213
3112112105422231213213112211310000011132000000011200010100022232232113213310100000222
3122112105415421122121221113111000000323000101003200000010011111132231223120100001115
3132112105432201111121222122121000000112010000011100010000011211231221221121100000111
3142212205132221212221212211111001010121010000111300010100013232112121231110100001232
3151607104131121112131322211111001000122011000011100111000121212111111221110100110221
3162012217412232121221121211210001000333100000013300100000021232332122231210000001348
3172012217134321211221122211211001000122010000003200001000021232113111211310101000226
3182212205235211122121221222120101000123010000011200001000011111121221221121010010111
3192312205312221122121221123120001000123110000013310000000023213133122223120000100117
3202212205323331212211212211210001001332000000013301010000021231233221333110001000234
3212112205422232121221111212110000001332010000001200000000122232332121233220100000232
3222312205411132212211121212110000010333010001103300100000022222333113233230000001348
